{
 "cells": [
  {
   "cell_type": "code",
   "execution_count": 13,
   "metadata": {},
   "outputs": [],
   "source": [
    "import pandas as pd\n",
    "import numpy as np\n",
    "import pickle\n",
    "from multiprocessing import cpu_count\n",
    "import concurrent.futures\n",
    "from likelihoods.parth_exact.pyrthenope import Pyrthenope"
   ]
  },
  {
   "cell_type": "markdown",
   "metadata": {},
   "source": [
    "Params"
   ]
  },
  {
   "cell_type": "code",
   "execution_count": 14,
   "metadata": {},
   "outputs": [],
   "source": [
    "# Parameters\n",
    "\n",
    "job_name = f\"BBN_paper3\"\n",
    "save_file = f'data_files/{job_name}.pkl'\n",
    "\n",
    "save = True\n",
    "\n",
    "parth_inout_map = {\n",
    "    'ETA10': 'eta10',\n",
    "    'DNNU': 'N_nu',\n",
    "    'TAU': 'tau'\n",
    "}\n",
    "\n",
    "# !!! will need to update card_mod if you change obs\n",
    "# k, v of intrested obs: expermental errors \n",
    "observables = {\n",
    "    'H2/H': 0.03* 10**(-5),     # https://arxiv.org/abs/1710.11129  / https://arxiv.org/pdf/1801.08023.pdf     \n",
    "    #'Y_p': 0.0026,     # https://arxiv.org/abs/1904.01594 8 26 22  Izotov error \n",
    "    'Y_p': 0.0034, #0.004, # https://arxiv.org/pdf/1801.08023.pdf Aver error\n",
    "    # 'tau': 30          #pdg        \n",
    "}\n",
    "\n",
    "observables = {\n",
    "    'H2/H': 0.00000030,      \n",
    "    'Y_p': 0.0040, \n",
    "}\n",
    "\n",
    "# params to vary over and step size, uses parth's card syntax\n",
    "parameters = {\n",
    "    'ETA10': 0.0012,\n",
    "    'DNNU':  0.001, \n",
    "    'TAU':   0.25\n",
    "}\n",
    "\n",
    "# cleans up output\n",
    "obs_and_params = list(observables.keys()) + [parth_inout_map.get(k, k) for k in parameters.keys()]\n",
    "\n",
    "# these are to match lesnpower output so we can just use the cobaya dali program\n",
    "lo_spec_id = 'unlensed'\n",
    "lo_experment = 0 "
   ]
  },
  {
   "cell_type": "markdown",
   "metadata": {},
   "source": [
    "Running Function"
   ]
  },
  {
   "cell_type": "code",
   "execution_count": 15,
   "metadata": {},
   "outputs": [],
   "source": [
    "def _run(param, mod=None):\n",
    "    nope = Pyrthenope(card_mod=mod)\n",
    "    for (k, v) in param:\n",
    "        nope.card[k] += v\n",
    "    data = nope.run()\n",
    "    return data   "
   ]
  },
  {
   "cell_type": "code",
   "execution_count": 16,
   "metadata": {},
   "outputs": [],
   "source": [
    "def runner(obs, params, cardMods=None, numThreads=cpu_count()):\n",
    "    # This generates all of our runs, these will run automagically and will only halt when a corresponding .result() is called\n",
    "    processes = np.empty((2, len(params), len(params), 4), dtype=object)\n",
    "    with concurrent.futures.ThreadPoolExecutor(max_workers=numThreads) as exec:\n",
    "        for i, (param1, step1) in enumerate(params.items()):\n",
    "            processes[0, i, 0, 0] = exec.submit(_run, [(param1, -step1/2)], cardMods)\n",
    "            processes[0, i, 0, 1] = exec.submit(_run, [(param1,  step1/2)], cardMods)\n",
    "            for j, (param2, step2) in enumerate(params.items()):\n",
    "                processes[1, i, j, 0] = exec.submit(_run, [(param1, -step1/2), (param2, -step2/2)], cardMods)\n",
    "                processes[1, i, j, 1] = exec.submit(_run, [(param1,  step1/2), (param2, -step2/2)], cardMods)\n",
    "                processes[1, i, j, 2] = exec.submit(_run, [(param1, -step1/2), (param2,  step2/2)], cardMods)\n",
    "                processes[1, i, j, 3] = exec.submit(_run, [(param1,  step1/2), (param2,  step2/2)], cardMods)\n",
    "\n",
    "    # derivative vectors\n",
    "    d1Vec = pd.DataFrame()\n",
    "    d2Vec = pd.DataFrame()\n",
    "\n",
    "    #calculate the derivatives\n",
    "    for i, (param1, step1) in enumerate(params.items()):\n",
    "        v01 = processes[0, i, 0, 0].result()\n",
    "        v02 = processes[0, i, 0, 1].result()\n",
    "        \n",
    "        d1 = pd.DataFrame((v02[obs] - v01[obs]) / step1).rename(index={0:param1})    \n",
    "        d1Vec = pd.concat([d1Vec, d1])\n",
    "\n",
    "        for j, (param2, step2) in enumerate(params.items()):\n",
    "            v11 = processes[1, i, j, 0].result()\n",
    "            v12 = processes[1, i, j, 1].result()\n",
    "            v13 = processes[1, i, j, 2].result()\n",
    "            v14 = processes[1, i, j, 3].result()\n",
    "\n",
    "            d11 = (v12[obs] - v11[obs]) / step1\n",
    "            d12 = (v14[obs] - v13[obs]) / step1\n",
    "            d2 = pd.DataFrame((d12 - d11) / step2).rename(index={0:f'{param1},{param2}'})\n",
    "            d2Vec = pd.concat([d2Vec, d2])\n",
    "\n",
    "    errors = np.array([float(v) for v in obs.values()]).reshape(1, 2)\n",
    "    ones = np.identity(len(obs))\n",
    "    isigma2 = pd.DataFrame(\n",
    "        np.linalg.inv(errors.T * ones * errors), \n",
    "        index=[list(obs.keys())], columns=[list(obs.keys())])\n",
    "    \n",
    "    # err = errors.T @ errors\n",
    "    # # err[0,1] = err[1,0] = 0\n",
    "    # isigma2 = pd.DataFrame(np.linalg.inv(err),\n",
    "    #         index=[list(obs.keys())], columns=[list(obs.keys())]) \n",
    "    d2Ten = d2Vec.values.reshape(len(params), len(params), len(obs))\n",
    "    \n",
    "    # calculate fisher, dali3 and dali4\n",
    "    # https://arxiv.org/pdf/1401.6892.pdf 15\n",
    "    fisher = np.einsum('ia,ab,jb', d1Vec, isigma2, d1Vec)\n",
    "    dali3  = np.einsum('ija,ab,kb', d2Ten, isigma2, d1Vec)\n",
    "    dali4  = np.einsum('ija,ab,klb', d2Ten, isigma2, d2Ten)\n",
    "\n",
    "    return fisher, dali3, dali4\n"
   ]
  },
  {
   "cell_type": "code",
   "execution_count": 17,
   "metadata": {},
   "outputs": [],
   "source": [
    "def div_paper(obs, params): # https://arxiv.org/pdf/1505.01076.pdf\n",
    "    Yp_eta10 = 0.24695 * 0.039 / 6.123\n",
    "    Yp_tau   = 0.24695 * 0.729 / 879.4\n",
    "    Yp_nnu   = 0.24695 * 0.163 / 3.0\n",
    "        \n",
    "    Yp_eta10_eta10 = 0.24695 * 0.039 / 6.123 * (0.039-1) / 6.123\n",
    "    Yp_eta10_tau   = 0.24695 * 0.039 / 6.123 * 0.729 / 879.4\n",
    "    Yp_eta10_nnu   = 0.24695 * 0.039 / 6.123 * 0.163 / 3.0\n",
    "    \n",
    "    Yp_tau_tau = 0.24695 * 0.729 / 879.4 * (0.729-1) / 879.4\n",
    "    Yp_tau_nnu = 0.24695 * 0.729 / 879.4 * 0.163 / 3.0\n",
    "    \n",
    "    Yp_nnu_nnu = 0.24695 * 0.163 / 3.0 * (0.163-1) / 3.0\n",
    "    \n",
    "    \n",
    "    \n",
    "    DH_eta10 = 2.493*10**(-5)*(-1.634) / 6.123\n",
    "    DH_tau   = 2.493*10**(-5)*(0.418) / 879.4\n",
    "    DH_nnu   = 2.493*10**(-5)*(0.405) / 3.0\n",
    "    \n",
    "    DH_eta10_eta10 = 2.493*10**(-5)*(-1.634) / 6.123 * (-2.634) / 6.123\n",
    "    DH_eta10_tau   = 2.493*10**(-5)*(-1.634) / 6.123 * 0.418 / 879.4\n",
    "    DH_eta10_nnu   = 2.493*10**(-5)*(-1.634) / 6.123 * 0.405 / 3.0\n",
    "    \n",
    "    DH_tau_tau = 2.493*10**(-5)*(0.418) / 879.4 * (0.418-1) / 879.4\n",
    "    DH_tau_nnu = 2.493*10**(-5)*(0.418) / 879.4 * 0.405 / 3.0\n",
    "    \n",
    "    DH_nnu_nnu = 2.493*10**(-5)*(0.405) / 3.0 * (0.405-1) / 3.0\n",
    "    \n",
    "    \n",
    "    \n",
    "    first = np.array([[DH_eta10, Yp_eta10],  \n",
    "                      [DH_nnu, Yp_nnu], \n",
    "                      [DH_tau, Yp_tau]])\n",
    "    second = np.array([[[DH_eta10_eta10, Yp_eta10_eta10], [DH_eta10_nnu, Yp_eta10_nnu], [DH_eta10_tau, Yp_eta10_tau]], \n",
    "                       [[DH_eta10_nnu,   Yp_eta10_nnu],   [DH_nnu_nnu, Yp_nnu_nnu],     [DH_tau_nnu, Yp_tau_nnu]],\n",
    "                       [[DH_eta10_tau,   Yp_eta10_tau],   [DH_tau_nnu, Yp_tau_nnu],     [DH_tau_tau, Yp_tau_tau]]])\n",
    "    \n",
    "    errors = np.array([list(obs.values())])\n",
    "    ones = np.identity(len(obs))\n",
    "    isigma2 = pd.DataFrame(\n",
    "        np.linalg.inv(errors.T * ones * errors), \n",
    "        index=[list(obs.keys())], columns=[list(obs.keys())])\n",
    "\n",
    "    fisher = np.einsum('ia,ab,jb', first, isigma2, first)\n",
    "    dali3 = np.einsum('ija,ab,kb', second, isigma2, first)\n",
    "    dali4 = np.einsum('ija,ab,klb', second, isigma2, second)\n",
    "    return fisher, dali3, dali4, first, second\n",
    "    "
   ]
  },
  {
   "cell_type": "code",
   "execution_count": 18,
   "metadata": {},
   "outputs": [],
   "source": [
    "def runner_nt(obs, params):\n",
    "    d1Vec = pd.DataFrame()\n",
    "    d2Vec = pd.DataFrame()\n",
    "      \n",
    "    for i, (param1, step1) in enumerate(params.items()):\n",
    "        # fisher matrix\n",
    "        vf1 = _run([(param1, -step1/2)])\n",
    "        vf2 = _run([(param1,  step1/2)])\n",
    "        d1 = pd.DataFrame((vf2[obs] - vf1[obs]) / step1).rename(index={0:param1})    \n",
    "        d1Vec = pd.concat([d1Vec, d1])\n",
    "        \n",
    "        for j, (param2, step2) in enumerate(params.items()):\n",
    "            vd1 = _run([(param1, -step1/2), (param2, -step2/2)])\n",
    "            vd2 = _run([(param1,  step1/2), (param2, -step2/2)])\n",
    "            vd3 = _run([(param1, -step1/2), (param2,  step2/2)])\n",
    "            vd4 = _run([(param1,  step1/2), (param2,  step2/2)])\n",
    "            \n",
    "            d2 = pd.DataFrame(((vd2[obs] - vd1[obs]) / step1 - (vd4[obs] - vd3[obs]) / step1) / step2).rename(index={0:f'{param1},{param2}'})\n",
    "            d2Vec = pd.concat([d2Vec, d2])\n",
    "\n",
    "    errors = np.array([list(obs.values())])\n",
    "    isigma2 = pd.DataFrame(\n",
    "        np.linalg.inv(errors.T * np.identity(len(list(obs))) * errors), \n",
    "        index=[list(obs.keys())], columns=[list(obs.keys())])\n",
    "    d2Ten = d2Vec.values.reshape(len(params), len(params), len(obs))\n",
    "    print(d2Vec)\n",
    "    print(d2Ten)\n",
    "    \n",
    "    # calculate fisher, dali3 and dali4\n",
    "    # https://arxiv.org/pdf/1401.6892.pdf 15\n",
    "    fisher = np.einsum('ia,ab,jb', d1Vec, isigma2, d1Vec)\n",
    "    dali3 = np.einsum('ija,ab,kb', d2Ten, isigma2, d1Vec)\n",
    "    dali4 = np.einsum('ija,ab,klb', d2Ten, isigma2, d2Ten)\n",
    "\n",
    "    return fisher, dali3, dali4\n",
    "\n"
   ]
  },
  {
   "cell_type": "code",
   "execution_count": 19,
   "metadata": {},
   "outputs": [
    {
     "name": "stdout",
     "output_type": "stream",
     "text": [
      "   N_nu  xie  xix    tau  rholmbd  eta10     OmegaBh^2           phie  \\\n",
      "0   3.0  0.0  0.0  879.4      0.0  6.123  0.0223662699  39.4127139257   \n",
      "\n",
      "               thetah            tnuh                 nbh             N/H  \\\n",
      "0  8.685496385130e-26  0.714957501589  5.083340801740e-16  0.000000000924   \n",
      "\n",
      "              Y_H            H2/H            H3/H           He3/H  \\\n",
      "0  0.754479003909  0.000025218605  0.000000081054  0.000010338307   \n",
      "\n",
      "              Y_p               Li6/H           Li7/H           Be7/H  \n",
      "0  0.246830312639  1.095289397790e-14  0.000000000466  0.000000000438  \n"
     ]
    }
   ],
   "source": [
    "pd.set_option(\"display.precision\", 12)\n",
    "print(_run([]))\n",
    "\n",
    "# fisher, dali3, dali4 = runner(observables, parameters)"
   ]
  },
  {
   "cell_type": "code",
   "execution_count": 20,
   "metadata": {},
   "outputs": [
    {
     "name": "stdout",
     "output_type": "stream",
     "text": [
      "fisher: \n",
      "[[ 4.91942298e+02 -2.47465605e+02 -8.55825527e-01]\n",
      " [-2.47465605e+02  1.37106770e+02  6.14798754e-01]\n",
      " [-8.55825527e-01  6.14798754e-01  4.17947474e-03]]\n",
      "dali3: \n",
      "[[[-2.11582119e+02  1.06815481e+02  3.73658965e-01]\n",
      "  [ 6.63997367e+01 -3.35142609e+01 -1.17159876e-01]\n",
      "  [ 2.33886708e-01 -1.17159876e-01 -3.99677215e-04]]\n",
      "\n",
      " [[ 6.63997367e+01 -3.35142609e+01 -1.17159876e-01]\n",
      "  [ 4.89742742e+01 -2.81005062e+01 -1.35783487e-01]\n",
      "  [-1.17159876e-01  6.91494316e-02  3.52941338e-04]]\n",
      "\n",
      " [[ 2.33886708e-01 -1.17159876e-01 -3.99677215e-04]\n",
      "  [-1.17159876e-01  6.91494316e-02  3.52941338e-04]\n",
      "  [ 5.73515332e-04 -3.46170277e-04 -1.83973327e-06]]]\n",
      "dali4: \n",
      "[[[[ 9.10120364e+01 -2.85616284e+01 -1.00578660e-01]\n",
      "   [-2.85616284e+01 -2.11683704e+01  5.06987563e-02]\n",
      "   [-1.00578660e-01  5.06987563e-02 -2.48410110e-04]]\n",
      "\n",
      "  [[-2.85616284e+01  8.96328672e+00  3.15643653e-02]\n",
      "   [ 8.96328672e+00  6.64121379e+00 -1.59047897e-02]\n",
      "   [ 3.15643653e-02 -1.59047897e-02  7.79248537e-05]]\n",
      "\n",
      "  [[-1.00578660e-01  3.15643653e-02  1.11217318e-04]\n",
      "   [ 3.15643653e-02  2.31485024e-02 -5.53022059e-05]\n",
      "   [ 1.11217318e-04 -5.53022059e-05  2.70412359e-07]]]\n",
      "\n",
      "\n",
      " [[[-2.85616284e+01  8.96328672e+00  3.15643653e-02]\n",
      "   [ 8.96328672e+00  6.64121379e+00 -1.59047897e-02]\n",
      "   [ 3.15643653e-02 -1.59047897e-02  7.79248537e-05]]\n",
      "\n",
      "  [[-2.11683704e+01  6.64121379e+00  2.31485024e-02]\n",
      "   [ 6.64121379e+00  5.82650518e+00 -1.44670670e-02]\n",
      "   [ 2.31485024e-02 -1.44670670e-02  7.29246925e-05]]\n",
      "\n",
      "  [[ 5.06987563e-02 -1.59047897e-02 -5.53022059e-05]\n",
      "   [-1.59047897e-02 -1.44670670e-02  3.61671127e-05]\n",
      "   [-5.53022059e-05  3.61671127e-05 -1.83252573e-07]]]\n",
      "\n",
      "\n",
      " [[[-1.00578660e-01  3.15643653e-02  1.11217318e-04]\n",
      "   [ 3.15643653e-02  2.31485024e-02 -5.53022059e-05]\n",
      "   [ 1.11217318e-04 -5.53022059e-05  2.70412359e-07]]\n",
      "\n",
      "  [[ 5.06987563e-02 -1.59047897e-02 -5.53022059e-05]\n",
      "   [-1.59047897e-02 -1.44670670e-02  3.61671127e-05]\n",
      "   [-5.53022059e-05  3.61671127e-05 -1.83252573e-07]]\n",
      "\n",
      "  [[-2.48410110e-04  7.79248537e-05  2.70412359e-07]\n",
      "   [ 7.79248537e-05  7.29246925e-05 -1.83252573e-07]\n",
      "   [ 2.70412359e-07 -1.83252573e-07  9.32108291e-10]]]]\n"
     ]
    }
   ],
   "source": [
    "fisher2, d32, d42, f, s = div_paper(observables, parameters)\n",
    "print(f'fisher: \\n{fisher2}')\n",
    "print(f'dali3: \\n{d32}')\n",
    "print(f'dali4: \\n{d42}')"
   ]
  },
  {
   "cell_type": "markdown",
   "metadata": {},
   "source": [
    "Saver"
   ]
  },
  {
   "cell_type": "code",
   "execution_count": 21,
   "metadata": {},
   "outputs": [],
   "source": [
    "if save:\n",
    "    saveData = {\n",
    "        'cosmoFid': {'eta10': 6.123, 'N_nu': 3.0, 'tau': 879.4}, #{'eta10': 6.13832, 'N_nu': 3.0, 'tau': 879.4}, \n",
    "        'fisherGaussian': {lo_experment: {lo_spec_id: fisher}},\n",
    "        'DALI3Gaussian':  {lo_experment: {lo_spec_id: dali3}},\n",
    "        'DALI4Gaussian': {lo_experment: {lo_spec_id: dali4}},\n",
    "        'nfisherGaussian': {lo_experment: {lo_spec_id: fisher2}},\n",
    "        'nDALI3Gaussian': {lo_experment: {lo_spec_id: d32}},\n",
    "        'nDALI4Gaussian': {lo_experment: {lo_spec_id: d42}} }\n",
    "\n",
    "    with open(save_file, 'wb') as file:\n",
    "        pickle.dump(saveData, file)"
   ]
  },
  {
   "cell_type": "code",
   "execution_count": 22,
   "metadata": {},
   "outputs": [
    {
     "name": "stdout",
     "output_type": "stream",
     "text": [
      "first div: \n",
      "[[-6.65288584e-06  1.57292994e-03]\n",
      " [ 3.36555000e-06  1.34176167e-02]\n",
      " [ 1.18498294e-08  2.04715204e-04]]\n",
      "second div: \n",
      "[[[ 2.86194697e-06 -2.46870108e-04]\n",
      "  [-8.98139588e-07  8.54625265e-05]\n",
      "  [-3.16227687e-09  1.30391849e-06]]\n",
      "\n",
      " [[-8.98139588e-07  8.54625265e-05]\n",
      "  [-6.67500750e-07 -3.74351505e-03]\n",
      "  [ 1.59972697e-09  1.11228594e-05]]\n",
      "\n",
      " [[-3.16227687e-09  1.30391849e-06]\n",
      "  [ 1.59972697e-09  1.11228594e-05]\n",
      "  [-7.84239337e-12 -6.30859906e-08]]]\n",
      "old fisher: \n",
      "[[ 5.06049552e+02 -2.55554979e+02 -8.78798042e-01]\n",
      " [-2.55554979e+02  1.41617640e+02  6.27457347e-01]\n",
      " [-8.78798042e-01  6.27457347e-01  4.21131257e-03]]\n",
      "new fisher: \n",
      "[[ 4.91942298e+02 -2.47465605e+02 -8.55825527e-01]\n",
      " [-2.47465605e+02  1.37106770e+02  6.14798754e-01]\n",
      " [-8.55825527e-01  6.14798754e-01  4.17947474e-03]]\n",
      "old dali3: \n",
      "[[[ 5.66979301e+02 -2.63640317e+02 -6.52961142e-01]\n",
      "  [-3.50799589e+02  2.18858592e+02  1.21892504e+00]\n",
      "  [-3.51751485e+00  2.03871595e+00  9.94437610e-03]]\n",
      "\n",
      " [[-3.50799589e+02  2.18858592e+02  1.21892504e+00]\n",
      "  [-8.06103012e+02  6.58592445e+02  5.07699279e+00]\n",
      "  [ 4.79533075e+01 -2.14988064e+01 -4.35430744e-02]]\n",
      "\n",
      " [[-3.51751485e+00  2.03871595e+00  9.94437610e-03]\n",
      "  [ 4.79533075e+01 -2.14988064e+01 -4.35430744e-02]\n",
      "  [-1.16724087e-02  8.96236014e-03  6.51218131e-05]]]\n",
      "new dali3: \n",
      "[[[-2.11582119e+02  1.06815481e+02  3.73658965e-01]\n",
      "  [ 6.63997367e+01 -3.35142609e+01 -1.17159876e-01]\n",
      "  [ 2.33886708e-01 -1.17159876e-01 -3.99677215e-04]]\n",
      "\n",
      " [[ 6.63997367e+01 -3.35142609e+01 -1.17159876e-01]\n",
      "  [ 4.89742742e+01 -2.81005062e+01 -1.35783487e-01]\n",
      "  [-1.17159876e-01  6.91494316e-02  3.52941338e-04]]\n",
      "\n",
      " [[ 2.33886708e-01 -1.17159876e-01 -3.99677215e-04]\n",
      "  [-1.17159876e-01  6.91494316e-02  3.52941338e-04]\n",
      "  [ 5.73515332e-04 -3.46170277e-04 -1.83973327e-06]]]\n",
      "old dali4: \n",
      "[[[[ 6.76206445e+02 -3.17729553e+02 -3.46726410e+00]\n",
      "   [-3.17729553e+02 -4.49002374e+02  5.86342602e+01]\n",
      "   [-3.46726410e+00  5.86342602e+01 -7.53821890e-03]]\n",
      "\n",
      "  [[-3.17729553e+02  3.81630754e+02  3.30940715e+00]\n",
      "   [ 3.81630754e+02  1.39376837e+03 -2.42198455e+01]\n",
      "   [ 3.30940715e+00 -2.42198455e+01  1.82759620e-02]]\n",
      "\n",
      "  [[-3.46726410e+00  3.30940715e+00  2.99297386e-02]\n",
      "   [ 3.30940715e+00  1.08560736e+01 -2.76561585e-01]\n",
      "   [ 2.99297386e-02 -2.76561585e-01  1.45206346e-04]]]\n",
      "\n",
      "\n",
      " [[[-3.17729553e+02  3.81630754e+02  3.30940715e+00]\n",
      "   [ 3.81630754e+02  1.39376837e+03 -2.42198455e+01]\n",
      "   [ 3.30940715e+00 -2.42198455e+01  1.82759620e-02]]\n",
      "\n",
      "  [[-4.49002374e+02  1.39376837e+03  1.08560736e+01]\n",
      "   [ 1.39376837e+03  6.31953394e+03 -2.19774184e+01]\n",
      "   [ 1.08560736e+01 -2.19774184e+01  8.00133696e-02]]\n",
      "\n",
      "  [[ 5.86342602e+01 -2.42198455e+01 -2.76561585e-01]\n",
      "   [-2.42198455e+01 -2.19774184e+01  5.13195783e+00]\n",
      "   [-2.76561585e-01  5.13195783e+00 -4.42426019e-04]]]\n",
      "\n",
      "\n",
      " [[[-3.46726410e+00  3.30940715e+00  2.99297386e-02]\n",
      "   [ 3.30940715e+00  1.08560736e+01 -2.76561585e-01]\n",
      "   [ 2.99297386e-02 -2.76561585e-01  1.45206346e-04]]\n",
      "\n",
      "  [[ 5.86342602e+01 -2.42198455e+01 -2.76561585e-01]\n",
      "   [-2.42198455e+01 -2.19774184e+01  5.13195783e+00]\n",
      "   [-2.76561585e-01  5.13195783e+00 -4.42426019e-04]]\n",
      "\n",
      "  [[-7.53821890e-03  1.82759620e-02  1.45206346e-04]\n",
      "   [ 1.82759620e-02  8.00133696e-02 -4.42426019e-04]\n",
      "   [ 1.45206346e-04 -4.42426019e-04  1.01840219e-06]]]]\n",
      "new dali4: \n",
      "[[[[ 9.10120364e+01 -2.85616284e+01 -1.00578660e-01]\n",
      "   [-2.85616284e+01 -2.11683704e+01  5.06987563e-02]\n",
      "   [-1.00578660e-01  5.06987563e-02 -2.48410110e-04]]\n",
      "\n",
      "  [[-2.85616284e+01  8.96328672e+00  3.15643653e-02]\n",
      "   [ 8.96328672e+00  6.64121379e+00 -1.59047897e-02]\n",
      "   [ 3.15643653e-02 -1.59047897e-02  7.79248537e-05]]\n",
      "\n",
      "  [[-1.00578660e-01  3.15643653e-02  1.11217318e-04]\n",
      "   [ 3.15643653e-02  2.31485024e-02 -5.53022059e-05]\n",
      "   [ 1.11217318e-04 -5.53022059e-05  2.70412359e-07]]]\n",
      "\n",
      "\n",
      " [[[-2.85616284e+01  8.96328672e+00  3.15643653e-02]\n",
      "   [ 8.96328672e+00  6.64121379e+00 -1.59047897e-02]\n",
      "   [ 3.15643653e-02 -1.59047897e-02  7.79248537e-05]]\n",
      "\n",
      "  [[-2.11683704e+01  6.64121379e+00  2.31485024e-02]\n",
      "   [ 6.64121379e+00  5.82650518e+00 -1.44670670e-02]\n",
      "   [ 2.31485024e-02 -1.44670670e-02  7.29246925e-05]]\n",
      "\n",
      "  [[ 5.06987563e-02 -1.59047897e-02 -5.53022059e-05]\n",
      "   [-1.59047897e-02 -1.44670670e-02  3.61671127e-05]\n",
      "   [-5.53022059e-05  3.61671127e-05 -1.83252573e-07]]]\n",
      "\n",
      "\n",
      " [[[-1.00578660e-01  3.15643653e-02  1.11217318e-04]\n",
      "   [ 3.15643653e-02  2.31485024e-02 -5.53022059e-05]\n",
      "   [ 1.11217318e-04 -5.53022059e-05  2.70412359e-07]]\n",
      "\n",
      "  [[ 5.06987563e-02 -1.59047897e-02 -5.53022059e-05]\n",
      "   [-1.59047897e-02 -1.44670670e-02  3.61671127e-05]\n",
      "   [-5.53022059e-05  3.61671127e-05 -1.83252573e-07]]\n",
      "\n",
      "  [[-2.48410110e-04  7.79248537e-05  2.70412359e-07]\n",
      "   [ 7.79248537e-05  7.29246925e-05 -1.83252573e-07]\n",
      "   [ 2.70412359e-07 -1.83252573e-07  9.32108291e-10]]]]\n",
      "(fisher2 - fisher)/fisher: \n",
      "[[-0.02787722 -0.03165414 -0.02614084]\n",
      " [-0.03165414 -0.03185246 -0.02017443]\n",
      " [-0.02614084 -0.02017443 -0.00756007]]\n",
      "(d32 - dali3)/dali3: \n",
      "[[[-1.37317433 -1.4051561  -1.57225299]\n",
      "  [-1.18928111 -1.15313203 -1.09611738]\n",
      "  [-1.06649203 -1.05746748 -1.04019128]]\n",
      "\n",
      " [[-1.18928111 -1.15313203 -1.09611738]\n",
      "  [-1.06075436 -1.04266752 -1.02674486]\n",
      "  [-1.00244321 -1.00321643 -1.00810557]]\n",
      "\n",
      " [[-1.06649203 -1.05746748 -1.04019128]\n",
      "  [-1.00244321 -1.00321643 -1.00810557]\n",
      "  [-1.04913427 -1.0386249  -1.02825065]]]\n",
      "(d42 - dali4)/dali4: \n",
      "[[[[-0.86540791 -0.91010711 -0.97099192]\n",
      "   [-0.91010711 -0.95285466 -0.99913534]\n",
      "   [-0.97099192 -0.99913534 -0.96704658]]\n",
      "\n",
      "  [[-0.91010711 -0.9765132  -0.99046223]\n",
      "   [-0.9765132  -0.99523507 -0.99934332]\n",
      "   [-0.99046223 -0.99934332 -0.99573621]]\n",
      "\n",
      "  [[-0.97099192 -0.99046223 -0.99628405]\n",
      "   [-0.99046223 -0.99786769 -0.99980004]\n",
      "   [-0.99628405 -0.99980004 -0.99813774]]]\n",
      "\n",
      "\n",
      " [[[-0.91010711 -0.9765132  -0.99046223]\n",
      "   [-0.9765132  -0.99523507 -0.99934332]\n",
      "   [-0.99046223 -0.99934332 -0.99573621]]\n",
      "\n",
      "  [[-0.95285466 -0.99523507 -0.99786769]\n",
      "   [-0.99523507 -0.99907802 -0.99934173]\n",
      "   [-0.99786769 -0.99934173 -0.99908859]]\n",
      "\n",
      "  [[-0.99913534 -0.99934332 -0.99980004]\n",
      "   [-0.99934332 -0.99934173 -0.99999295]\n",
      "   [-0.99980004 -0.99999295 -0.9995858 ]]]\n",
      "\n",
      "\n",
      " [[[-0.97099192 -0.99046223 -0.99628405]\n",
      "   [-0.99046223 -0.99786769 -0.99980004]\n",
      "   [-0.99628405 -0.99980004 -0.99813774]]\n",
      "\n",
      "  [[-0.99913534 -0.99934332 -0.99980004]\n",
      "   [-0.99934332 -0.99934173 -0.99999295]\n",
      "   [-0.99980004 -0.99999295 -0.9995858 ]]\n",
      "\n",
      "  [[-0.96704658 -0.99573621 -0.99813774]\n",
      "   [-0.99573621 -0.99908859 -0.9995858 ]\n",
      "   [-0.99813774 -0.9995858  -0.99908473]]]]\n"
     ]
    }
   ],
   "source": [
    "print(f'first div: \\n{f}')\n",
    "print(f'second div: \\n{s}')\n",
    "print(f'old fisher: \\n{fisher}')\n",
    "print(f'new fisher: \\n{fisher2}')\n",
    "print(f'old dali3: \\n{dali3}')\n",
    "print(f'new dali3: \\n{d32}')\n",
    "print(f'old dali4: \\n{dali4}')\n",
    "print(f'new dali4: \\n{d42}')\n",
    "print(f'(fisher2 - fisher)/fisher: \\n{(fisher2 - fisher)/fisher}')\n",
    "print(f'(d32 - dali3)/dali3: \\n{(d32 - dali3)/dali3}')\n",
    "print(f'(d42 - dali4)/dali4: \\n{(d42 - dali4)/dali4}')"
   ]
  }
 ],
 "metadata": {
  "kernelspec": {
   "display_name": "Python 3",
   "language": "python",
   "name": "python3"
  },
  "language_info": {
   "codemirror_mode": {
    "name": "ipython",
    "version": 3
   },
   "file_extension": ".py",
   "mimetype": "text/x-python",
   "name": "python",
   "nbconvert_exporter": "python",
   "pygments_lexer": "ipython3",
   "version": "3.8.12"
  },
  "vscode": {
   "interpreter": {
    "hash": "7690a1a30c5580e20242c57122f55054a6ee3577c9eff0e7721e071b8ee863a3"
   }
  }
 },
 "nbformat": 4,
 "nbformat_minor": 4
}
